リスト

①②③④
⑤⑥⑦⑧

赤
①9-3-12 554.40（プリボ塗り替え）
00100100
00011000
00010000
00001100
00000011
00011100

①6-3-14 486.75
00001100
00010000
00001000
00000100
00011111
00000000

②8-3-14 628.75
00001111
00010100
00000010
00001001
00000101
00000011

③8-3-14 612.75（プリボ塗り替え）
01000100
00101000
00011000
00000100
00011011
00000000

③8-3-13 560.17
01000000
00100010
00011100
00000011
00011101
00000000

④6-4-18 882.00
01001000
01010100
10100000
10000100
01111000
00000000

⑤6-4-17 820.50（プリボ塗り替え）
10000000
01110000
00101110
00010011
00000001
00000010

⑤5-4-17 714.10
00000000
00010100
01100010
11101010
00110100
00000000

⑥5-4-16 663.40
00011000
00100111
00000100
00001100
00110000
00011000

⑦6-4-17 823.50
00000000
00010000
00001001
11101101
00010011
00000000

⑧10-3-12 633.20（プリボ塗り替え）
00100000
01010000
10001000
00000110
00000001
00000111

⑧7-3-15 611.97
00000000
00100000
00101000
00010110
00100001
01100111

--------

青
①6-4-18 880.00
10000011
10001100
10010000
01100000
10000000
11000000

②8-3-16 735.90
00000000
00010011
00001001
00000110
00000101
00111001

③7-4-17 941.90
01010000
00101000
00000100
00111010
00100010
00011000

④8-3-16 791.60
00101000
00010110
00001001
00001000
00110000
01000000

⑤8-3-19 891.62
00000011
00000010
00001100
00010100
00000101
00000011

⑥7-4-18 1008.20
01010001
00101101
00000110
00011000
00010000
00100000

⑦5-4-18 764.75
11000000
10100000
01001000
10110100
10010000
01000000

⑧6-4-18 884.95
10000000
01000000
00101000
01101011
00011100
00010000

--------

緑
①7-4-18 999.20
00101000
11010100
10000100
00000100
00001001
00000110

②9-3-16 800.10
00011000
01100110
00100001
00000111
00000010
00000100

③6-4-18 882.00
00100010
11010100
00001100
00010000
11100000
00100000

④7-3-14 551.25
00000000
00000000
00001000
00011111
00110000
01101000

⑤6-4-17 823.50
00000011
01000001
00100010
00011100
00001000
00000000

⑥5-4-18 764.80
00001001
00000110
00010100
00001000
01011000
00100000

⑦5-4-20 863.20
00000001
00001011
00010111
00010101
00010001
00000000

⑧8-3-14 612.75
01110000
00011010
00000100
00001100
00000000
00000000

--------

黄
①9-3-15 741.67
01000000
10100000
10000000
01000000
11000000
01000000

②8-3-12 515.60
00001100
00010011
00000101
00001000
00000100
00000000

③6-4-17 820.50
01000110
10101010
10010100
10000100
00000000
00000000

④9-3-14 685.25
00000100
00010100
00001000
00010010
00001100
00000011

⑤6-3-14 486.75
00000100
10000100
11111010
10000000
10000000
00000000

⑥8-3-14 612.75
00010101
00101011
00001001
00001000
00010100
00001000

⑦8-3-13 557.17
00000011
00010101
00001001
01010000
00100000
00110000

⑧9-3-13 618.82
00010000
00100000
00011100
00100100
00011000
00010000

--------

紫
①4-4-17 604.70
00111001
00100101
00101010
01100100
00000000
00000000

②6-3-14 486.75
00001100
00010000
00100000
00011000
01100111
00100000

③8-3-13 560.17
00000010
00000001
00000101
00011110
01101011
00000000

④5-3-15 460.27
01110001
10001110
00010000
00011000
00011000
00000000

⑤7-3-14 551.25
00000100
01001010
00101010
00110000
01000000
00111000

⑥8-3-14 615.75
10000000
10000000
01100000
00011000
11100000
10000000

⑦6-3-13 442.87
00011101
01100011
11100001
00000001
00000000
00000000

⑧7-4-17 929.90
00101000
01010000
10010011
01001100
00010000
00000000